Starting matrix A:
0.840188 0.197551 0.477397 0.916195 0.0163006 
0.197551 0.335223 0.628871 0.635712 0.242887 
0.477397 0.628871 0.364784 0.717297 0.137232 
0.916195 0.635712 0.717297 0.141603 0.804177 
0.0163006 0.242887 0.137232 0.804177 0.156679 

Orthogonal matrix V with eigenvectors:
0.319947 0.191877 -0.102775 0.766044 0.513255 
0.151738 0.674212 0.427834 -0.434697 0.387827 
0.17911 -0.704081 0.499802 -0.134278 0.452058 
-0.782237 -0.0205075 -0.271281 -0.0765298 0.555189 
0.480245 -0.111667 -0.694982 -0.447579 0.271235 

Vector e with eigenvalues:
-1.0144
-0.324851
0.22478
0.54335
2.4096

Sweeps is equal 5

The matrix VTAV = D is calculated to:
-1.0144 0 0 0 0 
0 -0.324851 0 0 0 
0 0 0.22478 0 0 
0 0 0 0.54335 0 
0 0 0 0 2.4096 

