Starting matrix A:
0.840188 0.394383 0.783099 
0.79844 0.911647 0.197551 
0.335223 0.76823 0.277775 

Resulting matrix Q:
0.696348 -0.588581 0.410697 
0.661747 0.305021 -0.684874 
0.277833 0.748688 0.601893 

Resulting matrix R:
1.20656 1.09135 0.753213 
0 0.62111 -0.192693 
0 0 0.35351 

Inverse matrix of A:
0.383008 1.85733 -2.40069 
-0.587199 -0.109956 1.73363 
1.16177 -1.93736 1.70262 

AB should be equal 1. AB is calculated to
1 0 -2.22045e-16 
1.11022e-16 1 -1.11022e-16 
1.11022e-16 3.33067e-16 1 

BA should be equal 1. BA is calculated to
1 -1.11022e-15 -4.44089e-16 
7.77156e-16 1 3.88578e-16 
4.44089e-16 6.66134e-16 1 

